0.205440
0.210880
0.006747
0.210880
0.210880
0.210879
0.200000
0.200000
0.006747
0.200000
0.210880
0.139462
0.210879
0.199983
0.200000
0.200000
0.200000
0.200000
0.210880
0.200000
0.054637
0.200000
0.200000
0.200002
0.006747
0.199997
0.200001
0.200000
0.200000
0.199996
0.200002
0.210879
0.006747
0.200000
0.200000
0.200002
0.190251
0.129912
0.200000
0.200000
0.200000
0.200000
0.210880
0.200002
0.145742
0.199985
0.200000
0.199998
0.200000
0.199999
0.200000
0.200000
0.200000
0.200000
0.200000
0.200000
0.200000
0.200000
0.200000
0.200000
0.200000
0.200000
0.210880
0.006747
0.006747
0.210880
0.200000
0.210880
0.210880
0.200000
0.210880
0.210879
0.210880
0.210871
0.210880
0.006747
0.006747
0.210879
0.200000
0.006747
0.210880
0.070858
0.145575
0.210880
0.210880
0.200000
0.200000
0.200002
0.120631
0.131701
0.200002
0.210879
0.210880
0.199994
0.199983
0.210880
0.200000
0.200002
0.006747
0.119029
0.200000
0.006747
0.123146
0.200002
0.200000
0.199991
0.199990
0.200000
0.200002
0.210880
0.200002
0.200002
0.200000
0.200000
0.200000
0.210880
0.200000
0.200000
0.210880
0.006747
0.200002
0.200000
0.096812
0.200000
0.200000
