0.213682
0.213318
0.006736
0.213420
0.212800
0.212493
0.200000
0.200000
0.006736
0.200000
0.212384
0.121691
0.214214
0.200000
0.200000
0.200000
0.200000
0.200000
0.211899
0.200000
0.103318
0.200000
0.200000
0.200000
0.006736
0.200000
0.200000
0.200000
0.200000
0.200000
0.200000
0.212361
0.006736
0.200000
0.200000
0.200000
0.193553
0.152225
0.200000
0.200000
0.200000
0.200000
0.212832
0.200000
0.161507
0.200000
0.200000
0.200000
0.200000
0.200000
0.200000
0.200000
0.200000
0.200000
0.200000
0.200000
0.200000
0.200000
0.200000
0.200000
0.200000
0.200000
0.213286
0.006736
0.006736
0.213405
0.200000
0.213321
0.213366
0.200000
0.213327
0.212466
0.213143
0.213074
0.213220
0.006736
0.006736
0.212466
0.200000
0.006736
0.213378
0.115125
0.127898
0.212414
0.213495
0.200000
0.200000
0.200000
0.143936
0.153696
0.200000
0.213174
0.213543
0.200000
0.200000
0.212429
0.200000
0.200000
0.006736
0.144231
0.200000
0.006736
0.146080
0.200000
0.200000
0.200000
0.200000
0.200000
0.200000
0.213340
0.200000
0.200000
0.200000
0.200000
0.200000
0.213371
0.200000
0.200000
0.213398
0.006736
0.200000
0.200000
0.134682
0.200000
0.200000
